>>
4 5
1 2
2 4
3 4
4 5
<<
10
########################
>>
100 193
16 18
7 24
20 80
3 20
15 81
6 24
18 100
8 75
16 68
6 100
20 93
8 101
12 55
21 58
8 76
7 91
6 56
2 37
15 73
3 66
10 97
18 61
12 24
21 32
16 83
4 14
13 99
11 101
7 96
7 88
11 78
13 23
12 17
16 44
19 73
6 78
18 72
6 17
21 28
17 28
17 15
8 91
2 78
14 37
13 30
7 91
20 69
5 20
10 4
10 40
18 68
15 72
19 99
16 27
5 37
9 3
4 91
18 100
4 86
14 86
5 70
3 67
9 11
18 98
11 26
8 82
3 50
3 56
16 97
10 5
13 101
5 2
17 8
9 37
9 27
18 55
17 4
9 63
20 59
4 82
20 3
6 39
6 50
21 67
6 71
17 85
8 29
11 99
7 49
19 77
19 85
3 16
18 43
6 76
3 85
16 79
5 78
16 48
19 14
17 84
<<
7495
########################